

Elements: 600000            | Elements: 700000            | Elements: 800000
Bitonic:                    | Bitonic:                    | Bitonic:
24 25 26 26 27 32 28 33 26  | 26 25 26 27 27 29 26 29 28  | 25 26 26 26 27 26 24 25 25
std::sort:                  | std::sort:                  | std::sort:
40 33 33 33 33 32 33 29 31  | 36 39 37 37 37 35 38 36 35  | 43 41 43 42 40 40 40 41 43

Elements: 900000            | Elements: 1000000           | Elements: 10000000
Bitonic:                    | Bitonic:                    | Bitonic:
26 26 25 26 26 26 24 26 25  | 25 26 26 25 25 25 25 25 25  | 374 382 383 384 386 394 386 388 377
std::sort:                  | std::sort:                  | std::sort:
48 47 47 46 48 48 49 46 46  | 53 51 52 54 52 53 52 53 51  | 150 166 150 167 149 163 152 152 150

Elements: 100000000
Bitonic:
1390 1419 1455 1512 1396 1414 1431 1478 1471
std::sort:
7864 7065 7943 7858 7872 7974 7967 7037 7892 
